,tweet_id,favorites,retweets
0,666020888022790149,2525,498
1,666029285002620928,125,46
2,666033412701032449,122,43
3,666044226329800704,290,136
4,666049248165822465,105,42
5,666050758794694657,130,57
6,666051853826850816,1195,830
7,666055525042405380,428,235
8,666057090499244032,289,138
9,666058600524156928,109,57
10,666063827256086533,464,213
11,666071193221509120,142,58
12,666073100786774016,315,158
13,666082916733198337,113,44
14,666094000022159362,160,72
15,666099513787052032,150,66
16,666102155909144576,77,11
17,666104133288665088,14028,6383
18,666268910803644416,100,35
19,666273097616637952,170,76
20,666287406224695296,142,63
21,666293911632134144,490,343
22,666337882303524864,192,89
23,666345417576210432,285,132
24,666353288456101888,215,71
25,666362758909284353,759,559
26,666373753744588802,183,88
27,666396247373291520,162,83
28,666407126856765440,105,40
29,666411507551481857,432,321
30,666418789513326592,122,45
31,666421158376562688,312,111
32,666428276349472768,163,82
33,666430724426358785,311,194
34,666435652385423360,163,53
35,666437273139982337,122,47
36,666447344410484738,102,20
37,666454714377183233,513,208
38,666644823164719104,229,80
39,666649482315059201,1111,619
40,666691418707132416,186,47
41,666701168228331520,426,218
42,666739327293083650,233,66
43,666776908487630848,348,174
44,666781792255496192,381,192
45,666786068205871104,752,484
46,666804364988780544,237,92
47,666817836334096384,514,249
48,666826780179869698,252,97
49,666835007768551424,212,80
50,666837028449972224,811,553
51,666983947667116034,2537,980
52,666996132027977728,244,94
53,667012601033924608,443,222
54,667044094246576128,183,51
55,667062181243039745,216,54
56,667065535570550784,165,46
57,667073648344346624,402,121
58,667090893657276420,331,126
59,667119796878725120,328,127
60,667138269671505920,4594,2210
61,667152164079423490,47629,17112
62,667160273090932737,257,62
63,667165590075940865,2679,1140
64,667171260800061440,221,90
65,667174963120574464,241,83
66,667176164155375616,610,464
67,667177989038297088,191,55
68,667182792070062081,14306,6224
69,667188689915760640,741,416
70,667192066997374976,385,108
71,667200525029539841,611,260
72,667211855547486208,492,242
73,667369227918143488,363,164
74,667393430834667520,193,55
75,667405339315146752,464,220
76,667435689202614272,303,84
77,667437278097252352,448,239
78,667443425659232256,777,582
79,667453023279554560,310,91
80,667455448082227200,190,60
81,667470559035432960,256,100
82,667491009379606528,531,230
83,667495797102141441,518,272
84,667502640335572993,531,220
85,667509364010450944,6781,2145
86,667517642048163840,366,193
87,667524857454854144,1699,1116
88,667530908589760512,465,241
89,667534815156183040,815,543
90,667538891197542400,202,65
91,667544320556335104,866,530
92,667546741521195010,334,125
93,667549055577362432,5806,2306
94,667550882905632768,0,33
95,667550904950915073,0,35
96,667724302356258817,480,322
97,667728196545200128,378,152
98,667766675769573376,440,219
99,667773195014021121,236,57
100,667782464991965184,409,246
101,667793409583771648,698,335
102,667801013445750784,329,97
103,667806454573760512,1056,499
104,667832474953625600,291,63
105,667861340749471744,242,78
106,667866724293877760,3010,1046
107,667873844930215936,628,412
108,667878741721415682,393,122
109,667885044254572545,820,495
110,667886921285246976,1896,1110
111,667902449697558528,854,381
112,667911425562669056,494,308
113,667915453470232577,209,56
114,667924896115245057,304,113
115,667937095915278337,1269,801
116,668113020489474048,671,246
117,668142349051129856,571,287
118,668154635664932864,501,321
119,668171859951755264,495,199
120,668190681446379520,657,199
121,668204964695683073,556,198
122,668221241640230912,514,200
123,668226093875376128,301,105
124,668237644992782336,6246,2896
125,668248472370458624,999,498
126,668256321989451776,1314,628
127,668268907921326080,555,242
128,668274247790391296,829,234
129,668286279830867968,506,139
130,668291999406125056,244,32
131,668297328638447616,622,300
132,668466899341221888,887,525
133,668480044826800133,461,151
134,668484198282485761,432,239
135,668496999348633600,419,135
136,668507509523615744,329,110
137,668528771708952576,462,232
138,668537837512433665,253,77
139,668542336805281792,461,220
140,668544745690562560,519,232
141,668567822092664832,247,57
142,668614819948453888,616,318
143,668620235289837568,204,43
144,668623201287675904,1439,785
145,668625577880875008,390,138
146,668627278264475648,321,118
147,668631377374486528,722,324
148,668633411083464705,2832,1678
149,668636665813057536,1050,497
150,668641109086707712,1083,548
151,668643542311546881,886,541
152,668645506898350081,897,541
153,668655139528511488,538,222
154,668779399630725120,707,377
155,668815180734689280,577,275
156,668826086256599040,437,140
157,668852170888998912,457,171
158,668872652652679168,531,306
159,668892474547511297,398,154
160,668902994700836864,321,102
161,668932921458302977,268,59
162,668955713004314625,283,72
163,668960084974809088,707,243
164,668975677807423489,1313,590
165,668979806671884288,804,355
166,668981893510119424,544,314
167,668986018524233728,558,172
168,668988183816871936,903,479
169,668989615043424256,687,334
170,668992363537309700,749,355
171,668994913074286592,442,235
172,669000397445533696,21061,6486
173,669006782128353280,582,255
174,669015743032369152,744,381
175,669037058363662336,661,320
176,669203728096960512,1012,488
177,669214165781868544,440,170
178,669216679721873412,1202,411
179,669324657376567296,501,213
180,669327207240699904,580,119
181,669328503091937280,1024,423
182,669351434509529089,441,190
183,669353438988365824,652,266
184,669354382627049472,2735,1294
185,669359674819481600,370,127
186,669363888236994561,627,232
187,669367896104181761,470,160
188,669371483794317312,499,184
189,669375718304980992,1344,744
190,669393256313184256,369,78
191,669564461267722241,389,127
192,669567591774625800,236,56
193,669571471778410496,1603,1037
194,669573570759163904,439,143
195,669583744538451968,1505,942
196,669597912108789760,515,152
197,669603084620980224,952,367
198,669625907762618368,3555,1846
199,669661792646373376,807,449
200,669680153564442624,670,295
201,669682095984410625,352,136
202,669683899023405056,391,112
203,669749430875258880,270,65
204,669753178989142016,823,408
205,669923323644657664,234,58
206,669926384437997569,376,106
207,669942763794931712,508,168
208,669970042633789440,306,62
209,669972011175813120,449,163
210,669993076832759809,328,86
211,670003130994700288,335,95
212,670037189829525505,591,281
213,670040295598354432,762,114
214,670046952931721218,650,181
215,670055038660800512,672,337
216,670061506722140161,770,348
217,670069087419133954,634,246
218,670073503555706880,1588,806
219,670079681849372674,2238,1263
220,670086499208155136,704,258
221,670093938074779648,1034,340
222,670290420111441920,712,292
223,670303360680108032,432,139
224,670319130621435904,3892,1245
225,670338931251150849,425,113
226,670361874861563904,329,69
227,670374371102445568,749,275
228,670385711116361728,564,216
229,670403879788544000,436,161
230,670408998013820928,561,229
231,670411370698022913,2035,916
232,670417414769758208,573,322
233,670420569653809152,632,321
234,670421925039075328,1315,645
235,670427002554466305,523,167
236,670428280563085312,1392,639
237,670433248821026816,330,114
238,670434127938719744,1412,659
239,670435821946826752,1063,526
240,670442337873600512,646,202
241,670444955656130560,6784,2021
242,670449342516494336,1203,677
243,670452855871037440,554,210
244,670465786746662913,980,564
245,670468609693655041,356,86
246,670474236058800128,1537,775
247,670668383499735048,10796,5135
248,670676092097810432,251,44
249,670679630144274432,755,290
250,670691627984359425,596,249
251,670704688707301377,775,378
252,670717338665226240,1219,505
253,670727704916926465,832,367
254,670733412878163972,974,524
255,670755717859713024,447,114
256,670764103623966721,1083,431
257,670778058496974848,330,74
258,670780561024270336,793,294
259,670782429121134593,1580,787
260,670783437142401025,829,403
261,670786190031921152,609,205
262,670789397210615808,669,246
263,670792680469889025,837,285
264,670797304698376195,741,242
265,670803562457407488,347,88
266,670804601705242624,1986,977
267,670807719151067136,1170,500
268,670811965569282048,1142,275
269,670815497391357952,3210,1567
270,670822709593571328,619,99
271,670823764196741120,784,197
272,670826280409919488,5601,4139
273,670832455012716544,741,224
274,670833812859932673,452,128
275,670838202509447168,1124,710
276,670840546554966016,598,198
277,670842764863651840,24821,8894
278,670995969505435648,1113,299
279,671109016219725825,1157,449
280,671115716440031232,1374,792
281,671122204919246848,3516,2569
282,671134062904504320,756,199
283,671138694582165504,929,412
284,671141549288370177,1172,668
285,671147085991960577,680,230
286,671151324042559489,672,158
287,671154572044468225,719,225
288,671159727754231808,377,84
289,671163268581498880,1675,1131
290,671166507850801152,885,358
291,671182547775299584,1132,352
292,671186162933985280,740,218
293,671347597085433856,963,438
294,671355857343524864,485,116
295,671357843010908160,402,150
296,671362598324076544,1121,299
297,671390180817915904,1432,747
298,671485057807351808,763,235
299,671486386088865792,580,208
300,671488513339211776,1021,479
301,671497587707535361,924,454
302,671504605491109889,7080,3614
303,671511350426865664,1624,740
304,671518598289059840,961,297
305,671520732782923777,1409,535
306,671528761649688577,847,265
307,671533943490011136,1033,591
308,671536543010570240,1185,419
309,671538301157904385,934,404
310,671542985629241344,1099,574
311,671544874165002241,1997,1068
312,671547767500775424,1363,608
313,671561002136281088,12920,7370
314,671729906628341761,8575,4434
315,671735591348891648,1463,773
316,671743150407421952,745,236
317,671744970634719232,1359,787
318,671763349865160704,1700,946
319,671768281401958400,1200,536
320,671789708968640512,7119,3560
321,671855973984772097,914,454
322,671866342182637568,1130,510
323,671874878652489728,1255,569
324,671879137494245376,1437,697
325,671882082306625538,3499,1404
326,671891728106971137,1344,585
327,671896809300709376,8545,4245
328,672068090318987265,1301,525
329,672082170312290304,947,374
330,672095186491711488,1010,374
331,672125275208069120,2428,1166
332,672139350159835138,1766,727
333,672160042234327040,882,365
334,672169685991993344,1029,376
335,672205392827572224,2282,1179
336,672222792075620352,791,215
337,672231046314901505,1850,1039
338,672239279297454080,903,329
339,672245253877968896,693,162
340,672248013293752320,1734,625
341,672254177670729728,1446,758
342,672256522047614977,2838,1589
343,672264251789176834,1152,343
344,672267570918129665,1517,628
345,672272411274932228,6514,3466
346,672466075045466113,1366,552
347,672475084225949696,1445,715
348,672481316919734272,723,128
349,672482722825261057,1147,617
350,672488522314567680,1127,447
351,672523490734551040,648,175
352,672538107540070400,1039,373
353,672591271085670400,735,188
354,672591762242805761,959,342
355,672594978741354496,1343,621
356,672604026190569472,1122,405
357,672609152938721280,1126,399
358,672614745925664768,1231,598
359,672622327801233409,1310,505
360,672640509974827008,981,328
361,672828477930868736,1266,504
362,672834301050937345,1325,581
363,672877615439593473,1043,378
364,672884426393653248,1564,849
365,672898206762672129,910,431
366,672902681409806336,1380,516
367,672964561327235073,1432,653
368,672968025906282496,1330,557
369,672970152493887488,956,365
370,672975131468300288,1700,934
371,672980819271634944,1838,1027
372,672984142909456390,1266,557
373,672988786805112832,994,300
374,672995267319328768,967,307
375,672997845381865473,1988,736
376,673148804208660480,1707,646
377,673213039743795200,2277,867
378,673240798075449344,1434,750
379,673270968295534593,1075,377
380,673295268553605120,7602,3245
381,673317986296586240,881,266
382,673320132811366400,13638,8147
383,673342308415348736,1288,600
384,673343217010679808,981,278
385,673345638550134785,2546,1313
386,673350198937153538,752,218
387,673352124999274496,1670,549
388,673355879178194945,1508,596
389,673359818736984064,1472,687
390,673363615379013632,1038,311
391,673576835670777856,1400,574
392,673580926094458881,844,274
393,673583129559498752,1206,375
394,673612854080196609,1608,740
395,673636718965334016,1121,370
396,673656262056419329,723,248
397,673662677122719744,1270,369
398,673680198160809984,1386,480
399,673686845050527744,1454,450
400,673688752737402881,1278,505
401,673689733134946305,1754,667
402,673697980713705472,3850,2008
403,673700254269775872,1456,590
404,673705679337693185,1270,411
405,673707060090052608,1109,403
406,673708611235921920,1093,297
407,673709992831262724,859,283
408,673711475735838725,1048,304
409,673715861853720576,3592,2145
410,673887867907739649,942,257
411,673906403526995968,3229,1660
412,673919437611909120,1184,378
413,673956914389192708,1973,991
414,674008982932058114,1212,365
415,674014384960745472,1581,665
416,674019345211760640,1150,309
417,674024893172875264,1805,1264
418,674036086168010753,856,219
419,674038233588723717,1117,424
420,674042553264685056,733,132
421,674045139690631169,1440,655
422,674051556661161984,1462,498
423,674053186244734976,3374,1337
424,674063288070742018,6464,2278
425,674075285688614912,996,298
426,674082852460433408,763,176
427,674255168825880576,1490,573
428,674262580978937856,1324,468
429,674265582246694913,1668,876
430,674269164442398721,915,232
431,674271431610523648,1591,752
432,674291837063053312,14967,6080
433,674318007229923329,1437,529
434,674372068062928900,858,322
435,674394782723014656,1524,591
436,674410619106390016,1221,481
437,674416750885273600,694,145
438,674422304705744896,1456,554
439,674436901579923456,1134,407
440,674447403907457024,1087,367
441,674468880899788800,6334,2126
442,674632714662858753,1526,598
443,674638615994089473,1713,599
444,674644256330530816,1046,277
445,674646392044941312,1458,516
446,674664755118911488,942,263
447,674670581682434048,1638,675
448,674690135443775488,1169,483
449,674737130913071104,661,96
450,674739953134403584,1133,407
451,674743008475090944,1432,573
452,674752233200820224,1486,483
453,674754018082705410,1384,466
454,674764817387900928,797,247
455,674767892831932416,1861,818
456,674774481756377088,1143,492
457,674781762103414784,2037,1248
458,674788554665512960,827,218
459,674790488185167872,1126,260
460,674793399141146624,2549,1128
461,674800520222154752,3065,889
462,674805413498527744,873,368
463,674999807681908736,2287,1141
464,675003128568291329,1587,489
465,675006312288268288,1005,236
466,675015141583413248,2767,1247
467,675047298674663426,1080,341
468,675109292475830276,2850,1180
469,675111688094527488,985,262
470,675113801096802304,1992,811
471,675135153782571009,1321,511
472,675145476954566656,2176,937
473,675146535592706048,1216,325
474,675147105808306176,962,249
475,675149409102012420,3816,1746
476,675153376133427200,6417,2708
477,675166823650848770,3684,1672
478,675334060156301312,2839,1345
479,675349384339542016,3991,2342
480,675354435921575936,33518,17886
481,675362609739206656,1069,237
482,675372240448454658,1730,529
483,675432746517426176,1562,593
484,675483430902214656,1884,1013
485,675489971617296384,1331,622
486,675497103322386432,3206,1351
487,675501075957489664,17512,6041
488,675517828909424640,1325,475
489,675522403582218240,1065,297
490,675531475945709568,1211,402
491,675534494439489536,1861,434
492,675706639471788032,657,102
493,675707330206547968,2026,727
494,675710890956750848,1934,858
495,675740360753160193,1196,360
496,675781562965868544,1659,493
497,675798442703122432,10489,3524
498,675820929667219457,1077,240
499,675822767435051008,1559,556
500,675845657354215424,2337,925
501,675853064436391936,2753,1355
502,675870721063669760,1679,598
503,675878199931371520,4273,1455
504,675888385639251968,2436,1003
505,675891555769696257,2184,904
506,675898130735476737,1670,597
507,676089483918516224,1350,451
508,676098748976615425,3084,1500
509,676101918813499392,2888,1211
510,676146341966438401,1974,692
511,676191832485810177,2345,1077
512,676215927814406144,1786,609
513,676219687039057920,76882,32362
514,676237365392908289,1261,306
515,676263575653122048,2133,578
516,676430933382295552,1433,361
517,676440007570247681,1765,694
518,676470639084101634,11913,4886
519,676496375194980353,1560,558
520,676533798876651520,1931,583
521,676575501977128964,2670,1170
522,676582956622721024,1237,291
523,676588346097852417,2390,834
524,676603393314578432,1196,403
525,676606785097199616,1936,459
526,676613908052996102,1119,205
527,676617503762681856,2984,1029
528,676776431406465024,5148,2102
529,676811746707918848,1454,444
530,676819651066732545,1854,697
531,676821958043033607,23743,16358
532,676864501615042560,2161,743
533,676897532954456065,2324,759
534,676936541936185344,13088,5147
535,676942428000112642,2134,797
536,676946864479084545,1762,394
537,676948236477857792,2240,915
538,676949632774234114,1345,419
539,676957860086095872,2285,847
540,676975532580409345,2864,1126
541,677187300187611136,2813,971
542,677228873407442944,3652,1720
543,677269281705472000,2060,742
544,677301033169788928,1281,431
545,677314812125323265,1694,562
546,677328882937298944,3745,1576
547,677331501395156992,1130,246
548,677334615166730240,1399,307
549,677530072887205888,1111,238
550,677547928504967168,7156,3836
551,677557565589463040,2513,1224
552,677565715327688705,1335,481
553,677573743309385728,2214,762
554,677644091929329666,1924,838
555,677662372920729601,2015,1025
556,677673981332312066,3454,1576
557,677687604918272002,2558,892
558,677698403548192770,1268,336
559,677700003327029250,3508,1525
560,677716515794329600,3161,1016
561,677895101218201600,4999,2221
562,677918531514703872,1398,432
563,678021115718029313,14209,6729
564,678255464182861824,1639,394
565,678278586130948096,11856,6406
566,678334497360859136,1347,274
567,678341075375947776,1789,567
568,678380236862578688,2526,961
569,678389028614488064,1935,441
570,678396796259975168,1645,443
571,678399652199309312,81923,33541
572,678410210315247616,4384,1927
573,678424312106393600,5603,2680
574,678446151570427904,4139,1653
575,678643457146150913,2122,447
576,678675843183484930,2978,1565
577,678740035362037760,3896,1795
578,678755239630127104,7400,3495
579,678764513869611008,1698,503
580,678767140346941444,3665,1444
581,678774928607469569,2900,969
582,678798276842360832,3604,1255
583,678800283649069056,2671,953
584,678969228704284672,1701,488
585,678991772295516161,2414,1244
586,679047485189439488,2336,717
587,679062614270468097,17696,8692
588,679111216690831360,6175,2706
589,679132435750195208,3079,1227
590,679148763231985668,2876,1093
591,679158373988876288,22263,8573
592,679462823135686656,32945,19943
593,679475951516934144,2173,675
594,679503373272485890,3264,1560
595,679511351870550016,3506,1343
596,679527802031484928,2750,763
597,679530280114372609,4951,2198
598,679722016581222400,1721,497
599,679729593985699840,2250,868
600,679736210798047232,2171,840
601,679777920601223168,3202,1182
602,679828447187857408,37669,14882
603,679844490799091713,2464,806
604,679854723806179328,2973,1304
605,679862121895714818,2555,658
606,679877062409191424,2052,684
607,680070545539371008,2679,929
608,680085611152338944,13293,9479
609,680100725817409536,3715,1448
610,680115823365742593,2820,963
611,680130881361686529,2376,1007
612,680145970311643136,3765,1852
613,680161097740095489,2417,780
614,680176173301628928,4061,1662
615,680191257256136705,2234,534
616,680206703334408192,2954,1251
617,680221482581123072,1515,306
618,680440374763077632,1512,535
619,680473011644985345,2652,791
620,680494726643068929,1787,510
621,680497766108381184,4401,2018
622,680583894916304897,3771,1428
623,680609293079592961,2742,754
624,680798457301471234,2975,1107
625,680801747103793152,2463,875
626,680836378243002368,3603,1407
627,680889648562991104,1837,386
628,680913438424612864,2495,657
629,680934982542561280,2160,466
630,680940246314430465,3348,1120
631,680959110691590145,4737,2124
632,680970795137544192,2524,709
633,681193455364796417,3864,1575
634,681231109724700672,2500,514
635,681242418453299201,1559,572
636,681261549936340994,1517,290
637,681281657291280384,3344,1170
638,681297372102656000,3340,1016
639,681302363064414209,4105,1938
640,681320187870711809,2762,799
641,681339448655802368,9686,4313
642,681523177663676416,14916,6163
643,681579835668455424,3693,1379
644,681610798867845120,1988,504
645,681654059175129088,2736,985
646,681679526984871937,1840,478
647,681694085539872773,13306,4302
648,681891461017812993,2569,877
649,681981167097122816,2914,1094
650,682003177596559360,3281,1630
651,682032003584274432,6864,2136
652,682047327939461121,3339,1023
653,682059653698686977,5160,1791
654,682242692827447297,3393,1252
655,682259524040966145,4340,1284
656,682303737705140231,3202,1063
657,682389078323662849,1732,495
658,682393905736888321,2331,727
659,682406705142087680,7914,1869
660,682429480204398592,3583,1239
661,682638830361513985,2141,642
662,682662431982772225,3175,1148
663,682697186228989953,1367,380
664,682750546109968385,1587,463
665,682788441537560576,2573,1185
666,682962037429899265,38498,17705
667,683030066213818368,2240,772
668,683078886620553216,2066,598
669,683098815881154561,2256,702
670,683111407806746624,3532,966
671,683142553609318400,3009,1105
672,683357973142474752,3062,997
673,683391852557561860,7942,2528
674,683449695444799489,4065,1709
675,683462770029932544,2527,711
676,683481228088049664,2753,1056
677,683498322573824003,3305,1023
678,683742671509258241,6779,3522
679,683773439333797890,3486,1440
680,683828599284170753,2924,1123
681,683834909291606017,2732,1179
682,683849932751646720,2731,1040
683,683852578183077888,2013,371
684,683857920510050305,3966,1186
685,684097758874210310,4281,1526
686,684122891630342144,2079,501
687,684177701129875456,2105,713
688,684188786104872960,3624,1249
689,684195085588783105,1996,550
690,684200372118904832,2252,1091
691,684222868335505415,3996,1462
692,684225744407494656,1288,226
693,684241637099323392,8499,3516
694,684460069371654144,2068,589
695,684481074559381504,4044,1240
696,684538444857667585,2759,1010
697,684567543613382656,3136,1305
698,684594889858887680,9311,3746
699,684800227459624960,2833,1058
700,684880619965411328,2188,871
701,684902183876321280,1955,562
702,684914660081053696,3661,1557
703,684926975086034944,3647,493
704,684940049151070208,3350,1106
705,684959798585110529,7094,3324
706,685169283572338688,4264,1508
707,685198997565345792,2432,704
708,685268753634967552,3226,1277
709,685307451701334016,2157,467
710,685315239903100929,3492,1146
711,685321586178670592,2761,680
712,685325112850124800,9890,4228
713,685532292383666176,3161,1222
714,685547936038666240,34375,16646
715,685641971164143616,3060,830
716,685663452032069632,3395,1551
717,685667379192414208,2441,607
718,685906723014619143,7832,3091
719,685943807276412928,1693,635
720,685973236358713344,2204,556
721,686003207160610816,1901,676
722,686007916130873345,2592,449
723,686034024800862208,3250,1236
724,686050296934563840,2299,773
725,686358356425093120,2292,720
726,686377065986265092,2313,596
727,686386521809772549,3397,929
728,686606069955735556,1977,578
729,686618349602762752,3847,1446
730,686683045143953408,2930,850
731,686730991906516992,4328,1272
732,686749460672679938,3621,1544
733,686947101016735744,8988,3373
734,687096057537363968,2343,640
735,687102708889812993,2439,1048
736,687109925361856513,6062,2611
737,687124485711986689,2259,532
738,687127927494963200,5687,2427
739,687312378585812992,4543,2014
740,687317306314240000,20936,9688
741,687460506001633280,2131,573
742,687476254459715584,2060,563
743,687480748861947905,1665,256
744,687494652870668288,1987,608
745,687664829264453632,2014,539
746,687704180304273409,2545,884
747,687807801670897665,2500,743
748,687818504314159109,2608,1007
749,687826841265172480,2845,1194
750,688064179421470721,1805,381
751,688116655151435777,2945,825
752,688179443353796608,2202,619
753,688211956440801280,2322,879
754,688385280030670848,9670,4716
755,688519176466644993,2414,779
756,688547210804498433,2726,744
757,688789766343622656,2316,699
758,688804835492233216,1005,205
759,688828561667567616,1437,394
760,688894073864884227,2335,737
761,688898160958271489,2193,837
762,688908934925697024,2201,822
763,688916208532455424,2853,924
764,689143371370250240,2104,541
765,689154315265683456,3194,1061
766,689275259254616065,1207,260
767,689280876073582592,2075,755
768,689283819090870273,3424,1167
769,689289219123089408,2350,995
770,689517482558820352,3543,1517
771,689557536375177216,2132,485
772,689599056876867584,12116,5862
773,689623661272240129,2323,680
774,689659372465688576,10794,4102
775,689661964914655233,3336,986
776,689835978131935233,2254,797
777,689877686181715968,3151,1251
778,689905486972461056,2530,733
779,689977555533848577,1428,473
780,689999384604450816,1487,396
781,690005060500217858,3834,1787
782,690015576308211712,2620,785
783,690021994562220032,2905,1099
784,690248561355657216,1752,436
785,690360449368465409,2754,945
786,690374419777196032,3401,909
787,690400367696297985,1954,479
788,690597161306841088,2046,638
789,690649993829576704,1363,295
790,690690673629138944,2424,846
791,690728923253055490,2264,547
792,690735892932222976,3946,1351
793,690932576555528194,3419,1083
794,690938899477221376,4296,2106
795,690959652130045952,3744,1327
796,691090071332753408,1784,356
797,691096613310316544,3075,934
798,691321916024623104,2679,698
799,691416866452082688,20128,8102
800,691444869282295808,2762,892
801,691459709405118465,4229,1218
802,691483041324204033,2481,596
803,691675652215414786,2026,533
804,691756958957883396,3009,1078
805,691820333922455552,4113,1756
806,692017291282812928,2990,1007
807,692142790915014657,1713,415
808,692158366030913536,2240,839
809,692187005137076224,2633,864
810,692417313023332352,9717,3678
811,692530551048294401,1923,441
812,692535307825213440,3330,1440
813,692568918515392513,4531,1625
814,692752401762250755,7113,3843
815,692828166163931137,3005,928
816,692894228850999298,2377,855
817,692901601640583168,1862,637
818,692905862751522816,2541,925
819,692919143163629568,2776,789
820,693095443459342336,1954,488
821,693109034023534592,1793,648
822,693155686491000832,8211,3389
823,693231807727280129,2993,775
824,693262851218264065,2325,528
825,693280720173801472,3505,1309
826,693486665285931008,1853,667
827,693590843962331137,5276,2089
828,693622659251335168,1612,389
829,693629975228977152,2556,839
830,693642232151285760,2639,437
831,693647888581312512,2812,625
832,693942351086120961,1804,387
833,694001791655137281,3539,1090
834,694183373896572928,3071,984
835,694206574471057408,4357,2146
836,694329668942569472,2090,528
837,694352839993344000,2130,656
838,694356675654983680,1571,303
839,694669722378485760,37239,15290
840,694905863685980160,2865,983
841,695051054296211456,2771,833
842,695064344191721472,1676,635
843,695074328191332352,2962,1170
844,695095422348574720,2748,651
845,695314793360662529,3792,1552
846,695409464418041856,9010,3780
847,695446424020918272,4550,1913
848,695629776980148225,4753,2221
849,695767669421768709,1947,791
850,695794761660297217,3316,823
851,695816827381944320,3133,1236
852,696405997980676096,3349,1207
853,696488710901260288,2644,1087
854,696713835009417216,2466,680
855,696754882863349760,1538,377
856,696877980375769088,2534,749
857,696886256886657024,5047,1903
858,696894894812565505,2430,709
859,696900204696625153,3317,1079
860,697242256848379904,2618,706
861,697255105972801536,3146,1223
862,697259378236399616,3421,1050
863,697270446429966336,4868,1969
864,697463031882764288,3545,1460
865,697482927769255936,2514,710
866,697575480820686848,2125,528
867,697596423848730625,3159,1329
868,697616773278015490,3288,1070
869,697881462549430272,3142,1265
870,697943111201378304,2496,725
871,697990423684476929,3420,1372
872,697995514407682048,1592,354
873,698178924120031232,2919,786
874,698195409219559425,17442,6299
875,698262614669991936,4942,2126
876,698342080612007937,2354,1002
877,698355670425473025,1948,479
878,698549713696649216,2420,654
879,698635131305795584,1342,359
880,698703483621523456,1510,402
881,698710712454139905,2575,720
882,698907974262222848,2643,660
883,698953797952008193,2811,956
884,698989035503689728,3510,1041
885,699036661657767936,2711,1265
886,699072405256409088,3132,1256
887,699079609774645248,2554,692
888,699088579889332224,2336,666
889,699323444782047232,3296,912
890,699370870310113280,1958,461
891,699413908797464576,2156,651
892,699423671849451520,1432,349
893,699434518667751424,2254,536
894,699446877801091073,6185,2761
895,699691744225525762,10673,4860
896,699775878809702401,2036,640
897,699779630832685056,2885,1315
898,699788877217865730,2327,526
899,699801817392291840,3193,1013
900,700002074055016451,3445,1418
901,700029284593901568,2155,617
902,700062718104104960,2758,731
903,700143752053182464,7839,2897
904,700151421916807169,2322,702
905,700167517596164096,2747,785
906,700462010979500032,4309,1905
907,700505138482569216,2380,600
908,700518061187723268,2745,848
909,700747788515020802,23785,9883
910,700796979434098688,2533,1009
911,700847567345688576,2524,528
912,700864154249383937,2691,649
913,700890391244103680,2300,607
914,701214700881756160,12706,5407
915,701545186879471618,2767,647
916,701570477911896070,2927,985
917,701601587219795968,2174,481
918,701889187134500865,3692,1456
919,701952816642965504,3977,1080
920,701981390485725185,3591,1049
921,702217446468493312,4993,1410
922,702276748847800320,2572,807
923,702321140488925184,3414,1090
924,702539513671897089,2990,1011
925,702598099714314240,12686,3626
926,702671118226825216,2289,594
927,702684942141153280,3352,1141
928,702932127499816960,2696,761
929,703041949650034688,27436,13259
930,703079050210877440,7704,3277
931,703268521220972544,2045,574
932,703356393781329922,1992,406
933,703382836347330562,3645,1195
934,703407252292673536,2549,735
935,703425003149250560,3951,1454
936,703611486317502464,4011,1596
937,703631701117943808,2699,723
938,703769065844768768,3417,1200
939,703774238772166656,1911,490
940,704054845121142784,3037,961
941,704113298707505153,1928,594
942,704347321748819968,1655,367
943,704364645503647744,8343,3750
944,704480331685040129,3533,1117
945,704499785726889984,3047,1055
946,704761120771465216,6891,3057
947,704819833553219584,2740,1051
948,704847917308362754,5303,1622
949,704859558691414016,2339,577
950,704871453724954624,4433,1173
951,705066031337840642,2257,639
952,705102439679201280,2235,538
953,705223444686888960,2677,852
954,705239209544720384,3114,787
955,705428427625635840,3964,1779
956,705442520700944385,4634,1734
957,705475953783398401,3068,972
958,705591895322394625,3300,1216
959,705786532653883392,2021,552
960,705898680587526145,2471,588
961,705970349788291072,3259,938
962,705975130514706432,3229,775
963,706166467411222528,5351,1696
964,706265994973601792,2843,972
965,706291001778950144,1771,493
966,706310011488698368,22238,8428
967,706346369204748288,3585,971
968,706516534877929472,3219,1092
969,706538006853918722,3595,1488
970,706593038911545345,2241,662
971,706644897839910912,2681,1158
972,706681918348251136,3459,1020
973,706901761596989440,2144,629
974,707014260413456384,2394,627
975,707021089608753152,4234,1441
976,707038192327901184,2273,838
977,707059547140169728,2683,712
978,707297311098011648,2876,836
979,707315916783140866,2573,678
980,707377100785885184,3413,1142
981,707387676719185920,3639,1368
982,707411934438625280,2377,627
983,707420581654872064,2366,730
984,707610948723478529,17632,6761
985,707693576495472641,3568,1060
986,707741517457260545,2594,645
987,707776935007539200,3413,1000
988,707969809498152960,2811,1022
989,707995814724026368,3257,1185
990,708026248782585858,4537,2023
991,708109389455101952,2003,572
992,708119489313951744,2782,1032
993,708130923141795840,3520,881
994,708149363256774660,4443,1619
995,708349470027751425,2437,778
996,708356463048204288,3745,1404
997,708469915515297792,3211,864
998,708479650088034305,2648,708
999,708711088997666817,2651,761
1000,708738143638450176,2851,863
1001,708810915978854401,17127,7326
1002,708834316713893888,1755,533
1003,708845821941387268,3097,947
1004,709042156699303936,4937,1727
1005,709158332880297985,2116,443
1006,709198395643068416,2513,675
1007,709207347839836162,13084,6166
1008,709225125749587968,2501,602
1009,709409458133323776,2717,728
1010,709449600415961088,2320,610
1011,709519240576036864,1545,250
1012,709556954897764353,3422,1121
1013,709566166965075968,3679,1270
1014,709852847387627521,3646,1261
1015,709901256215666688,700,105
1016,709918798883774466,3105,1122
1017,710117014656950272,5712,2104
1018,710140971284037632,2870,936
1019,710153181850935296,3018,944
1020,710269109699739648,2490,1188
1021,710272297844797440,4712,1323
1022,710283270106132480,2220,543
1023,710588934686908417,4717,1975
1024,710658690886586372,2396,595
1025,710833117892898816,2791,566
1026,710844581445812225,2646,727
1027,710997087345876993,4729,1462
1028,711008018775851008,3110,649
1029,711306686208872448,3441,770
1030,711363825979756544,3802,1194
1031,711652651650457602,4012,970
1032,711694788429553666,34120,19286
1033,711732680602345472,9218,4353
1034,711743778164514816,2946,1037
1035,711968124745228288,8361,2442
1036,711998809858043904,0,131
1037,712065007010385924,2349,662
1038,712085617388212225,3372,509
1039,712092745624633345,3051,942
1040,712097430750289920,3934,1096
1041,712438159032893441,5522,1648
1042,712668654853337088,4311,1280
1043,712717840512598017,12811,5268
1044,712809025985978368,19260,7092
1045,713175907180089344,4620,1533
1046,713177543487135744,7475,2978
1047,713411074226274305,4579,1363
1048,713761197720473600,5064,1452
1049,713900603437621249,2947,778
1050,713919462244790272,3402,816
1051,714141408463036416,4472,1480
1052,714214115368108032,2354,923
1053,714251586676113411,3384,884
1054,714258258790387713,3138,755
1055,714606013974974464,3762,973
1056,714631576617938945,3384,1058
1057,714957620017307648,4280,1494
1058,714982300363173890,3890,1085
1059,715009755312439296,4322,1302
1060,715200624753819648,5312,1987
1061,715220193576927233,2506,687
1062,715342466308784130,3143,719
1063,715360349751484417,5669,1657
1064,715680795826982913,4484,1707
1065,715696743237730304,4042,1355
1066,715733265223708672,4841,1775
1067,715928423106027520,3305,920
1068,716080869887381504,6974,2021
1069,716285507865542656,2883,1144
1070,716439118184652801,2452,222
1071,716791146589110272,6210,1512
1072,716802964044845056,4444,1243
1073,717009362452090881,3390,1025
1074,717047459982213120,6497,2015
1075,717421804990701568,3263,883
1076,717537687239008257,5952,1934
1077,717790033953034240,2986,1187
1078,717841801130979328,2538,623
1079,718234618122661888,4017,1060
1080,718246886998687744,1998,526
1081,718454725339934721,5040,1589
1082,718460005985447936,2794,554
1083,718540630683709445,2565,1070
1084,718613305783398402,2518,508
1085,718631497683582976,19556,8507
1086,718939241951195136,5425,1858
1087,718971898235854848,3616,1154
1088,719332531645071360,3539,1003
1089,719339463458033665,4564,1316
1090,719367763014393856,2898,781
1091,719551379208073216,5240,2032
1092,719704490224398336,4717,1524
1093,719991154352222208,4999,1836
1094,720043174954147842,5087,2112
1095,720059472081784833,4029,1184
1096,720340705894408192,2969,1031
1097,720389942216527872,6626,2649
1098,720415127506415616,4285,1581
1099,720775346191278080,2569,712
1100,720785406564900865,3228,809
1101,721001180231503872,2623,650
1102,721503162398597120,4823,1975
1103,722613351520608256,5144,1724
1104,722974582966214656,4253,1652
1105,723179728551723008,5484,1973
1106,723673163800948736,3135,941
1107,723688335806480385,7980,3138
1108,723912936180330496,4043,1293
1109,724004602748780546,4341,1656
1110,724046343203856385,2757,592
1111,724049859469295616,4479,1862
1112,724405726123311104,5496,1731
1113,724771698126512129,2462,675
1114,724983749226668032,3852,1373
1115,725729321944506368,5374,1879
1116,725786712245440512,4316,1432
1117,725842289046749185,7307,2798
1118,726224900189511680,4574,1206
1119,726828223124897792,3682,1056
1120,726887082820554753,3978,1588
1121,726935089318363137,7140,2585
1122,727175381690781696,4029,1454
1123,727286334147182592,3153,862
1124,727314416056803329,3462,791
1125,727524757080539137,4645,1285
1126,727644517743104000,6113,1842
1127,727685679342333952,3047,667
1128,728015554473250816,4254,1158
1129,728035342121635841,4725,1757
1130,728046963732717569,4466,1242
1131,728387165835677696,3806,1012
1132,728409960103686147,5095,2109
1133,728653952833728512,3426,1092
1134,728751179681943552,2876,713
1135,728760639972315136,4849,1801
1136,728986383096946689,3274,862
1137,729113531270991872,1958,347
1138,729463711119904772,6022,2443
1139,729823566028484608,4145,1307
1140,729838605770891264,1770,408
1141,729854734790754305,4195,1188
1142,730196704625098752,5059,2032
1143,730211855403241472,3974,1113
1144,730427201120833536,3600,1103
1145,730573383004487680,5098,2270
1146,730924654643314689,6362,2089
1147,731156023742988288,3981,1345
1148,731285275100512256,3622,1039
1149,732005617171337216,15515,5762
1150,732375214819057664,8401,2664
1151,732585889486888962,3821,817
1152,732726085725589504,3667,930
1153,732732193018155009,2529,562
1154,733109485275860992,51172,17772
1155,733460102733135873,4361,1347
1156,733482008106668032,3272,997
1157,733822306246479872,3803,1065
1158,733828123016450049,3722,821
1159,734776360183431168,2613,575
1160,734787690684657664,13053,6660
1161,734912297295085568,2847,545
1162,735137028879360001,3243,1024
1163,735256018284875776,3469,938
1164,735274964362878976,13528,5367
1165,735635087207878657,6423,2477
1166,735648611367784448,4164,1163
1167,735991953473572864,3736,1219
1168,736010884653420544,8201,3148
1169,736225175608430592,8455,2926
1170,736365877722001409,4144,1321
1171,736736130620620800,4473,1835
1172,737310737551491075,15276,7854
1173,737322739594330112,3751,856
1174,737445876994609152,10693,4717
1175,737678689543020544,5237,1408
1176,737800304142471168,10397,3658
1177,737826014890496000,5488,1859
1178,738156290900254721,2632,692
1179,738166403467907072,9150,3601
1180,738184450748633089,4482,1276
1181,738402415918125056,3383,889
1182,738537504001953792,5303,1645
1183,738883359779196928,3465,855
1184,738885046782832640,3922,1204
1185,739238157791694849,120662,61501
1186,739485634323156992,7480,3113
1187,739544079319588864,41281,22652
1188,739606147276148736,5591,1754
1189,739844404073074688,3949,904
1190,739932936087216128,4217,1143
1191,739979191639244800,20794,6276
1192,740214038584557568,6958,2080
1193,740359016048689152,3436,907
1194,740365076218183684,2576,460
1195,740373189193256964,36236,14086
1196,740676976021798912,18902,7192
1197,740699697422163968,2952,826
1198,740711788199743490,3547,990
1199,740995100998766593,6657,2935
1200,741067306818797568,9845,3272
1201,741303864243200000,9129,3415
1202,741438259667034112,3825,880
1203,741743634094141440,8517,2929
1204,741793263812808706,4748,1598
1205,742150209887731712,5345,1650
1206,742161199639494656,4528,1460
1207,742385895052087300,7089,2106
1208,742423170473463808,10240,4021
1209,742465774154047488,7563,4127
1210,742528092657332225,4611,2116
1211,743210557239623680,4006,1448
1212,743222593470234624,6458,2016
1213,743253157753532416,4409,1293
1214,743510151680958465,8238,3929
1215,743545585370791937,3667,990
1216,743595368194129920,19208,6974
1217,743609206067040256,4666,1461
1218,743895849529389061,3798,1015
1219,743980027717509120,4340,1154
1220,744234799360020481,163310,83051
1221,744334592493166593,7052,2262
1222,744709971296780288,5837,1654
1223,744971049620602880,8222,2861
1224,744995568523612160,3102,658
1225,745057283344719872,7545,2414
1226,745314880350101504,7492,2948
1227,745422732645535745,8957,2576
1228,745433870967832576,7398,2697
1229,745712589599014916,7292,2466
1230,745789745784041472,4200,1132
1231,746056683365994496,3699,862
1232,746131877086527488,7212,2342
1233,746369468511756288,6442,1747
1234,746507379341139972,4835,1148
1235,746726898085036033,6304,1904
1236,746790600704425984,5095,1692
1237,746818907684614144,5540,1833
1238,746872823977771008,6267,2286
1239,746906459439529985,3009,315
1240,747103485104099331,10002,4241
1241,747204161125646336,3527,977
1242,747219827526344708,5518,1679
1243,747461612269887489,4034,1095
1244,747512671126323200,5786,1689
1245,747594051852075008,3857,1119
1246,747600769478692864,2423,585
1247,747816857231626240,5062,1237
1248,747844099428986880,2937,798
1249,747885874273214464,3080,1048
1250,747933425676525569,6924,2715
1251,747963614829678593,6045,2282
1252,748307329658011649,3834,757
1253,748324050481647620,3872,816
1254,748346686624440324,5462,1320
1255,748568946752774144,2282,713
1256,748575535303884801,6337,2114
1257,748692773788876800,4432,1414
1258,748699167502000129,4952,1701
1259,748705597323898880,2891,1010
1260,748932637671223296,6104,2412
1261,748977405889503236,11230,3628
1262,749036806121881602,3250,837
1263,749064354620928000,5005,1615
1264,749317047558017024,5736,2360
1265,749395845976588288,8996,3697
1266,749403093750648834,2749,579
1267,749417653287129088,6387,1773
1268,749774190421639168,4873,1399
1269,749981277374128128,5346,2611
1270,749996283729883136,3184,864
1271,750011400160841729,3401,968
1272,750026558547456000,2835,841
1273,750041628174217216,3323,662
1274,750056684286914561,3291,955
1275,750071704093859840,8239,3571
1276,750086836815486976,2274,578
1277,750101899009982464,3179,902
1278,750117059602808832,4538,1385
1279,750132105863102464,3813,1364
1280,750147208377409536,3255,1027
1281,750383411068534784,4774,1217
1282,750429297815552001,13810,4594
1283,750506206503038976,4654,1226
1284,750719632563142656,13839,5388
1285,750868782890057730,5006,1478
1286,751132876104687617,5317,1390
1287,751205363882532864,6608,1959
1288,751251247299190784,13097,6282
1289,751456908746354688,3363,1070
1290,751538714308972544,5280,1352
1291,751583847268179968,4611,1188
1292,751598357617971201,8279,3252
1293,751830394383790080,6076,2097
1294,751937170840121344,5466,1442
1295,752173152931807232,6241,1973
1296,752309394570878976,0,17886
1297,752334515931054080,4005,1180
1298,752519690950500352,7733,3689
1299,752660715232722944,4622,1683
1300,752682090207055872,6280,1719
1301,752917284578922496,7238,1687
1302,753026973505581056,4093,1045
1303,753294487569522689,3560,1117
1304,753375668877008896,8011,2496
1305,753398408988139520,6060,2057
1306,753420520834629632,8322,3823
1307,753655901052166144,6138,2326
1308,754120377874386944,8232,2500
1309,754449512966619136,3930,785
1310,754482103782404096,5563,2087
1311,754747087846248448,2701,555
1312,754856583969079297,7216,2706
1313,754874841593970688,0,8573
1314,755110668769038337,22290,11859
1315,755206590534418437,17284,5773
1316,755955933503782912,7703,3099
1317,756275833623502848,6740,1630
1318,756288534030475264,44983,18716
1319,756303284449767430,4141,1161
1320,756526248105566208,10918,3871
1321,756651752796094464,5314,1404
1322,756939218950160384,6981,2155
1323,756998049151549440,6587,2128
1324,757354760399941633,4741,1528
1325,757393109802180609,6124,1874
1326,757400162377592832,15900,7332
1327,757596066325864448,4564,1133
1328,757597904299253760,0,313
1329,757611664640446465,4797,1197
1330,757725642876129280,4765,1303
1331,757729163776290825,0,8692
1332,757741869644341248,7233,3486
1333,758041019896193024,2845,402
1334,758355060040593408,3604,1162
1335,758405701903519748,5465,2073
1336,758467244762497024,5052,2384
1337,758474966123810816,4016,1066
1338,758740312047005698,6021,1725
1339,758828659922702336,11741,4103
1340,758854675097526272,3732,958
1341,759047813560868866,6836,2171
1342,759099523532779520,15278,4474
1343,759159934323924993,0,1245
1344,759197388317847553,6364,2088
1345,759447681597108224,8927,2619
1346,759557299618865152,4930,1256
1347,759566828574212096,0,22652
1348,759793422261743616,6270,2039
1349,759846353224826880,7063,2127
1350,759923798737051648,15423,6074
1351,760190180481531904,5993,1940
1352,760252756032651264,4142,927
1353,760290219849637889,28231,12317
1354,760539183865880579,7965,3898
1355,760641137271070720,5213,1385
1356,760656994973933572,6955,2068
1357,760893934457552897,4025,1042
1358,761004547850530816,11912,3730
1359,761227390836215808,5594,1671
1360,761292947749015552,4698,1179
1361,761334018830917632,5471,1558
1362,761371037149827077,0,19286
1363,761599872357261312,4346,1264
1364,761672994376806400,52193,31168
1365,761745352076779520,4473,922
1366,761750502866649088,0,4228
1367,761976711479193600,5688,2168
1368,762035686371364864,33674,16766
1369,762316489655476224,5070,1211
1370,762464539388485633,10858,4505
1371,762471784394268675,11870,6947
1372,762699858130116608,12813,3900
1373,763103485927849985,7743,2454
1374,763183847194451968,5680,1579
1375,763837565564780549,13280,4478
1376,764259802650378240,6370,1627
1377,764857477905154048,6776,1904
1378,765222098633691136,12247,3638
1379,765371061932261376,7470,2326
1380,765395769549590528,27883,3653
1381,765669560888528897,5481,1312
1382,765719909049503744,7631,2310
1383,766008592277377025,3951,530
1384,766069199026450432,4498,923
1385,766078092750233600,0,2798
1386,766313316352462849,7149,2026
1387,766423258543644672,6348,1713
1388,766693177336135680,4249,849
1389,766793450729734144,5347,1460
1390,767122157629476866,10685,3065
1391,767191397493538821,12938,4088
1392,767500508068192258,7883,2513
1393,767754930266464257,16887,5783
1394,767884188863397888,5008,1508
1395,768193404517830656,11502,3815
1396,768473857036525572,14375,3692
1397,768596291618299904,5290,1377
1398,768609597686943744,4339,1300
1399,768855141948723200,4424,957
1400,768970937022709760,15203,7033
1401,769212283578875904,5700,1843
1402,769695466921623552,6738,1783
1403,769940425801170949,33171,10392
1404,770069151037685760,8004,2480
1405,770093767776997377,0,3272
1406,770293558247038976,6591,1602
1407,770414278348247044,6638,2230
1408,770655142660169732,7738,1877
1409,770772759874076672,5481,1521
1410,770787852854652928,5221,1310
1411,771004394259247104,0,236
1412,771014301343748096,7250,1781
1413,771102124360998913,6590,1551
1414,771136648247640064,9690,3161
1415,771171053431250945,0,8147
1416,771380798096281600,11102,5497
1417,771500966810099713,8745,2829
1418,771770456517009408,12676,3662
1419,772102971039580160,4231,999
1420,772114945936949249,2871,510
1421,772117678702071809,3970,795
1422,772152991789019136,3996,1207
1423,772193107915964416,6362,1494
1424,772581559778025472,6848,1819
1425,772615324260794368,0,3638
1426,772826264096874500,8454,2520
1427,772877495989305348,9060,4176
1428,773191612633579521,10560,4436
1429,773247561583001600,9956,3470
1430,773308824254029826,24580,8059
1431,773547596996571136,23362,6661
1432,773670353721753600,5622,1397
1433,773704687002451968,6979,1752
1434,773922284943896577,6759,1870
1435,773985732834758656,11354,4181
1436,774314403806253056,23029,6016
1437,774639387460112384,7104,1864
1438,774757898236878852,9043,1911
1439,775085132600442880,16447,5100
1440,775364825476165632,7854,3210
1441,775729183532220416,13662,4934
1442,775733305207554048,14646,4319
1443,775842724423557120,12402,2888
1444,775898661951791106,0,17772
1445,776088319444877312,1936,164
1446,776113305656188928,12423,4696
1447,776201521193218049,10161,2723
1448,776218204058357768,31752,17273
1449,776477788987613185,9356,3019
1450,776813020089548800,5172,1310
1451,776819012571455488,0,14882
1452,777189768882946048,15170,4677
1453,777621514455814149,9280,2691
1454,777641927919427584,0,4594
1455,777684233540206592,11888,3187
1456,777885040357281792,6741,1776
1457,778027034220126208,6936,1756
1458,778039087836069888,8969,2843
1459,778286810187399168,11003,3569
1460,778383385161035776,6193,1201
1461,778396591732486144,0,13259
1462,778408200802557953,14470,4705
1463,778624900596654080,4924,1093
1464,778650543019483137,6102,1620
1465,778748913645780993,7312,1438
1466,778990705243029504,21203,7864
1467,779056095788752897,15678,4900
1468,779123168116150273,12516,3952
1469,779377524342161408,9354,3376
1470,779834332596887552,20098,7671
1471,780192070812196864,9231,2419
1472,780459368902959104,5611,1159
1473,780476555013349377,0,126
1474,780496263422808064,0,4021
1475,780543529827336192,6678,1871
1476,780601303617732608,12837,3615
1477,780800785462489090,5834,1410
1478,780858289093574656,7644,2174
1479,780931614150983680,22953,7958
1480,781163403222056960,10365,2967
1481,781251288990355457,8952,2277
1482,781524693396357120,22025,6018
1483,781661882474196992,11072,2942
1484,781955203444699136,11795,3648
1485,782021823840026624,0,6761
1486,782305867769217024,17691,6051
1487,782598640137187329,8262,2035
1488,782722598790725632,18357,5867
1489,782747134529531904,7919,1513
1490,782969140009107456,25609,7976
1491,783085703974514689,8631,2410
1492,783334639985389568,31009,12707
1493,783347506784731136,0,6080
1494,783391753726550016,17899,5973
1495,783466772167098368,8970,2447
1496,783695101801398276,11095,3506
1497,783821107061198850,7809,2126
1498,783839966405230592,31904,11737
1499,784431430411685888,6048,1392
1500,784517518371221505,9525,2759
1501,784826020293709826,10774,3520
1502,785170936622350336,12848,5278
1503,785264754247995392,7721,1776
1504,785533386513321988,9679,2180
1505,785639753186217984,8308,2414
1506,785872687017132033,7099,1984
1507,785927819176054784,12078,3446
1508,786036967502913536,0,7671
1509,786233965241827333,16269,5193
1510,786363235746385920,11577,3808
1511,786595970293370880,10010,3370
1512,786664955043049472,11331,2783
1513,786709082849828864,19330,6626
1514,786963064373534720,28286,8690
1515,787322443945877504,8289,1906
1516,787397959788929025,11546,3090
1517,787717603741622272,10886,3030
1518,787810552592695296,9224,3329
1519,788039637453406209,6545,1443
1520,788070120937619456,0,3730
1521,788150585577050112,6540,1422
1522,788178268662984705,7694,2306
1523,788412144018661376,16578,5765
1524,788765914992902144,29191,11219
1525,788908386943430656,29174,13492
1526,789137962068021249,10334,3051
1527,789268448748703744,9707,2816
1528,789530877013393408,12519,3681
1529,789599242079838210,7203,2115
1530,789628658055020548,7993,1945
1531,789986466051088384,9833,2526
1532,790277117346975746,13367,3471
1533,790337589677002753,8327,2034
1534,790581949425475584,22013,7837
1535,790698755171364864,8732,2083
1536,790723298204217344,0,2526
1537,790946055508652032,17690,5117
1538,790987426131050500,10531,2332
1539,791026214425268224,0,4478
1540,791312159183634433,9362,2772
1541,791406955684368384,13966,4494
1542,791672322847637504,12516,3410
1543,792050063153438720,7642,1970
1544,792394556390137856,14334,4681
1545,792773781206999040,7817,1831
1546,792883833364439040,12055,4668
1547,792913359805018113,15275,4377
1548,793120401413079041,13519,4269
1549,793135492858580992,6883,2723
1550,793150605191548928,6578,1861
1551,793165685325201412,10026,3037
1552,793180763617361921,7386,2178
1553,793195938047070209,16275,6140
1554,793210959003287553,9511,3068
1555,793226087023144960,10476,3123
1556,793241302385262592,11196,3577
1557,793256262322548741,21295,9101
1558,793271401113350145,9218,2588
1559,793286476301799424,26200,10042
1560,793500921481273345,11393,2596
1561,793601777308463104,8491,1777
1562,793614319594401792,0,3410
1563,793845145112371200,9815,2047
1564,793962221541933056,17917,5327
1565,794205286408003585,9810,3613
1566,794332329137291264,10205,2897
1567,794355576146903043,0,11219
1568,794926597468000259,10947,2515
1569,794983741416415232,0,3681
1570,795076730285391872,17294,5929
1571,795400264262053889,10753,3133
1572,795464331001561088,53053,25979
1573,796031486298386433,11518,4019
1574,796080075804475393,9016,2529
1575,796116448414461957,9693,2640
1576,796149749086875649,34430,15617
1577,796177847564038144,0,15617
1578,796387464403357696,11712,4549
1579,796484825502875648,8069,1926
1580,796759840936919040,12634,3337
1581,796865951799083009,8169,2080
1582,797236660651966464,21283,7238
1583,797545162159308800,15461,5289
1584,797971864723324932,12402,3428
1585,798209839306514432,11045,2784
1586,798340744599797760,0,3662
1587,798628517273620480,0,2145
1588,798644042770751489,0,2021
1589,798665375516884993,0,4245
1590,798673117451325440,0,6041
1591,798694562394996736,0,5407
1592,798697898615730177,0,7092
1593,798925684722855936,7927,1558
1594,798933969379225600,14000,4876
1595,799063482566066176,8595,2686
1596,799297110730567681,10544,3019
1597,799422933579902976,8568,2087
1598,799757965289017345,8951,2357
1599,799774291445383169,0,5100
1600,800018252395122689,30225,14357
1601,800141422401830912,16310,2795
1602,800388270626521089,11875,3064
1603,800443802682937345,0,4696
1604,800459316964663297,10082,2352
1605,800513324630806528,13999,3286
1606,800751577355128832,11180,3025
1607,801115127852503040,8609,2277
1608,801167903437357056,26086,6476
1609,801285448605831168,6447,911
1610,801538201127157760,8737,2238
1611,801958328846974976,8212,1864
1612,802239329049477120,9657,2842
1613,802265048156610565,7028,1489
1614,802323869084381190,17285,6358
1615,802572683846291456,9504,2726
1616,802624713319034886,0,3187
1617,802952499103731712,9610,2192
1618,803276597545603072,10674,2683
1619,803380650405482500,8254,2023
1620,803638050916102144,11674,4504
1621,803692223237865472,0,8102
1622,803773340896923648,10694,3014
1623,804026241225523202,47462,17688
1624,804413760345620481,0,3520
1625,804738756058218496,14582,4191
1626,805207613751304193,8296,1858
1627,805487436403003392,9328,2761
1628,805520635690676224,6112,1796
1629,805826884734976000,7002,1995
1630,805932879469572096,8807,2082
1631,805958939288408065,0,5867
1632,806219024703037440,6837,1300
1633,806242860592926720,0,12707
1634,806542213899489280,10865,2572
1635,806629075125202948,79847,37944
1636,807010152071229440,13879,4175
1637,807059379405148160,0,7976
1638,807106840509214720,126253,60552
1639,807621403335917568,15482,4004
1640,808001312164028416,13362,3853
1641,808106460588765185,9300,2393
1642,808134635716833280,0,6476
1643,808501579447930884,11984,2830
1644,808733504066486276,8413,2364
1645,808838249661788160,10742,3316
1646,809084759137812480,14049,3818
1647,809220051211603969,21180,6111
1648,809448704142938112,7362,1597
1649,809808892968534016,0,5327
1650,809920764300447744,16457,4258
1651,810254108431155201,15599,3648
1652,810284430598270976,37613,12406
1653,810657578271330305,11656,2884
1654,810896069567610880,9613,1951
1655,810984652412424192,5659,1559
1656,811386762094317568,22214,6950
1657,811627233043480576,13572,3396
1658,811744202451197953,8013,1744
1659,811985624773361665,7707,1531
1660,812372279581671427,14536,3994
1661,812466873996607488,8476,2099
1662,812503143955202048,6450,1327
1663,812709060537683968,7036,1549
1664,812781120811126785,8063,2083
1665,813051746834595840,22236,7977
1666,813066809284972545,8448,2110
1667,813081950185472002,10490,3013
1668,813096984823349248,11186,3912
1669,813112105746448384,10964,2993
1670,813127251579564032,12589,3402
1671,813142292504645637,8960,2562
1672,813157409116065792,8235,2410
1673,813172488309972993,9901,2078
1674,813187593374461952,21051,4748
1675,813202720496779264,9754,1958
1676,813217897535406080,19807,7944
1677,813800681631023104,8861,1911
1678,813812741911748608,38588,15233
1679,813910438903693312,9864,2039
1680,813944609378369540,0,3471
1681,814153002265309185,30539,9436
1682,814530161257443328,9181,2021
1683,814638523311648768,11937,2946
1684,814986499976527872,8096,1398
1685,815390420867969024,10981,4138
1686,815639385530101762,8703,1783
1687,815736392542261248,10433,2467
1688,815966073409433600,23749,9209
1689,815990720817401858,5297,1131
1690,816014286006976512,0,5762
1691,816091915477250048,9462,2345
1692,816336735214911488,9107,2123
1693,816450570814898180,32372,8810
1694,816697700272001025,10380,2398
1695,816816676327063552,10591,2205
1696,816829038950027264,0,5117
1697,817056546584727552,9085,1795
1698,817120970343411712,12897,2841
1699,817171292965273600,9242,2186
1700,817181837579653120,0,9209
1701,817415592588222464,5945,1043
1702,817423860136083457,36156,16196
1703,817536400337801217,12497,3295
1704,817777686764523521,11327,2904
1705,817827839487737858,54825,29460
1706,818145370475810820,12996,2815
1707,818259473185828864,11665,2478
1708,818536468981415936,11543,2686
1709,818588835076603904,0,6661
1710,818614493328580609,10428,2797
1711,818627210458333184,23475,8083
1712,819004803107983360,91688,39821
1713,819006400881917954,47789,20515
1714,819015331746349057,0,20515
1715,819015337530290176,0,39821
1716,819227688460238848,24397,7250
1717,819347104292290561,7632,1308
1718,819588359383371776,10118,2136
1719,819711362133872643,14226,3390
1720,819924195358416896,13602,5234
1721,819952236453363712,5626,1281
1722,820078625395449857,20939,6804
1723,820314633777061888,3527,611
1724,820446719150292993,0,2795
1725,820690176645140481,12884,3483
1726,820749716845686786,33322,10710
1727,821044531881721856,13377,2481
1728,821107785811234820,10127,2304
1729,821149554670182400,9196,2183
1730,821407182352777218,12440,4697
1731,821522889702862852,8480,1921
1732,821765923262631936,8885,1801
1733,821813639212650496,0,3615
1734,821886076407029760,11980,2532
1735,822244816520155136,36953,10632
1736,822462944365645825,30027,15817
1737,822489057087389700,19163,6912
1738,822610361945911296,15591,3208
1739,822647212903690241,0,6912
1740,822859134160621569,13962,2470
1741,822872901745569793,139557,47347
1742,822975315408461824,18233,3715
1743,823269594223824897,0,10632
1744,823322678127919110,16596,4338
1745,823581115634085888,13748,2858
1746,823699002998870016,13274,2606
1747,823939628516474880,11213,2921
1748,824297048279236611,15871,4174
1749,824325613288833024,12426,11214
1750,824663926340194305,10615,1871
1751,824775126675836928,15768,3794
1752,824796380199809024,0,5929
1753,825026590719483904,6692,1375
1754,825147591692263424,19271,4928
1755,825535076884762624,54817,18523
1756,825829644528148480,13401,2681
1757,825876512159186944,11017,2017
1758,826115272272650244,16477,3383
1759,826204788643753985,5141,1003
1760,826240494070030336,13966,2788
1761,826476773533745153,19377,4525
1762,826598365270007810,10593,2526
1763,826848821049180160,38342,11000
1764,826958653328592898,22687,5388
1765,827199976799354881,11107,2412
1766,827324948884643840,16670,3294
1767,827600520311402496,7778,1020
1768,827653905312006145,16197,3233
1769,827933404142436356,21144,5614
1770,828011680017821696,10881,2309
1771,828046555563323392,12349,3078
1772,828372645993398273,13172,3171
1773,828376505180889089,7745,1145
1774,828381636999917570,13255,2393
1775,828408677031882754,8038,1383
1776,828409743546925057,6612,1235
1777,828650029636317184,9972,1447
1778,828708714936930305,38409,12068
1779,828770345708580865,26825,6297
1780,829011960981237760,55602,17428
1781,829141528400556032,25693,7954
1782,829374341691346946,36308,9982
1783,829449946868879360,10976,2175
1784,829501995190984704,33307,11397
1785,829861396166877184,12821,2096
1786,829878982036299777,0,5388
1787,830097400375152640,10304,3212
1788,830583320585068544,70101,18018
1789,830956169170665475,8351,1600
1790,831262627380748289,12481,2196
1791,831309418084069378,12287,2621
1792,831315979191906304,6848,1194
1793,831322785565769729,9657,1640
1794,831552930092285952,9420,2458
1795,831650051525054464,7527,2074
1796,831670449226514432,10956,1940
1797,831911600680497154,28942,6986
1798,831939777352105988,25125,6564
1799,832032802820481025,18662,4966
1800,832040443403784192,0,10392
1801,832215726631055365,0,10042
1802,832273440279240704,11838,2499
1803,832369877331693569,17983,3408
1804,832397543355072512,12486,2378
1805,832636094638288896,16579,2978
1806,832757312314028032,17606,3870
1807,832769181346996225,0,40
1808,832998151111966721,13906,2368
1809,833124694597443584,21116,5166
1810,833479644947025920,15525,2201
1811,833722901757046785,21678,3424
1812,833826103416520705,18813,3987
1813,833863086058651648,14019,2565
1814,834086379323871233,13651,2369
1815,834167344700198914,16472,3887
1816,834209720923721728,21543,5111
1817,834458053273591808,10046,1790
1818,834574053763584002,14285,2703
1819,834786237630337024,22150,5867
1820,834931633769889797,11305,1758
1821,835152434251116546,23452,3219
1822,835172783151792128,27277,6121
1823,835264098648616962,8073,1816
1824,835297930240217089,17155,3201
1825,835574547218894849,18595,3859
1826,836001077879255040,19945,4572
1827,836260088725786625,22183,4565
1828,836380477523124226,15380,3157
1829,836677758902222849,13158,2366
1830,836753516572119041,20066,4910
1831,836989968035819520,13259,2448
1832,837110210464448512,16707,2543
1833,837366284874571778,22064,5639
1834,837471256429613056,13320,2432
1835,837482249356513284,3993,468
1836,837820167694528512,35632,8349
1837,838083903487373313,18352,3354
1838,838476387338051585,23518,5109
1839,838561493054533637,11370,1406
1840,838916489579200512,0,36
1841,838921590096166913,11632,2205
1842,839239871831150596,28318,6945
1843,839290600511926273,0,151
1844,839549326359670784,28638,8253
1845,839990271299457024,13954,2432
1846,840268004936019968,20037,6079
1847,840370681858686976,17103,4819
1848,840632337062862849,9327,1859
1849,840696689258311684,12771,1039
1850,841077006473256960,23767,5614
1851,841314665196081154,16435,4976
1852,841439858740625411,13105,3894
1853,841680585030541313,26625,8205
1854,841833993020538882,0,16196
1855,842115215311396866,14531,3205
1856,842163532590374912,25374,6134
1857,842535590457499648,18755,3706
1858,842765311967449089,6992,1347
1859,842846295480000512,15772,3806
1860,843235543001513987,22273,6388
1861,843604394117681152,17493,2905
1862,843856843873095681,22196,4885
1863,844223788422217728,14119,2320
1864,844580511645339650,17064,3310
1865,844704788403113984,40077,10901
1866,844973813909606400,15643,3385
1867,844979544864018432,14089,2712
1868,845306882940190720,24117,5671
1869,845397057150107648,7895,1899
1870,845677943972139009,25966,5031
1871,845812042753855489,30261,9178
1872,846042936437604353,16518,3043
1873,846153765933735936,32720,9534
1874,846514051647705089,46048,12181
1875,846874817362120707,20707,4117
1876,847116187444137987,22072,3358
1877,847157206088847362,20563,6149
1878,847251039262605312,21088,4497
1879,847606175596138505,19359,3563
1880,847842811428974592,5631,1399
1881,847962785489326080,24228,5336
1882,847971574464610304,0,444
1883,848212111729840128,16792,3208
1884,848324959059550208,25482,4806
1885,848690551926992896,25910,4513
1886,849051919805034497,43626,8889
1887,849336543269576704,11728,1970
1888,849412302885593088,16304,3278
1889,849776966551130114,31259,7928
1890,850019790995546112,20988,5098
1891,850145622816686080,16752,3982
1892,850380195714523136,13387,2726
1893,850753642995093505,31734,9653
1894,851224888060895234,21170,5945
1895,851464819735769094,24832,7362
1896,851591660324737024,16576,3602
1897,851861385021730816,0,23
1898,851953902622658560,0,9982
1899,852189679701164033,11704,1648
1900,852226086759018497,20421,7047
1901,852311364735569921,33793,10241
1902,852553447878664193,16694,3639
1903,852672615818899456,15215,2236
1904,852912242202992640,9234,1901
1905,853299958564483072,15807,3687
1906,853639147608842240,35417,10469
1907,853760880890318849,29061,5971
1908,854010172552949760,16462,3245
1909,854120357044912130,32472,7705
1910,854365224396361728,19163,4829
1911,854482394044301312,29725,7064
1912,854732716440526848,23132,6270
1913,855459453768019968,30262,8408
1914,855851453814013952,45962,18156
1915,856282028240666624,27988,6461
1916,856526610513747968,11943,1923
1917,856543823941562368,16391,2935
1918,857029823797047296,19070,4084
1919,857263160327368704,20138,4592
1920,857393404942143489,5940,1671
1921,857746408056729600,34461,10811
1922,857989990357356544,16221,2623
1923,858107933456039936,15793,2942
1924,858471635011153920,21591,4905
1925,858843525470990336,15604,3526
1926,859074603037188101,33988,13777
1927,859196978902773760,90066,30544
1928,859607811541651456,18638,1593
1929,859851578198683649,15436,3547
1930,859924526012018688,19587,4123
1931,860184849394610176,16701,5906
1932,860276583193509888,18317,3504
1933,860524505164394496,23637,5328
1934,860563773140209665,7516,2178
1935,860924035999428608,0,826
1936,861005113778896900,16705,3825
1937,861288531465048066,17177,4184
1938,861383897657036800,36065,10775
1939,862096992088072192,74304,23406
1940,862457590147678208,20475,4981
1941,862722525377298433,17017,3539
1942,862831371563274240,19118,5118
1943,863062471531167744,8501,2451
1944,863079547188785154,8744,1108
1945,863432100342583297,23739,5253
1946,863553081350529029,15238,4193
1947,863907417377173506,20522,4145
1948,864197398364647424,29999,8931
1949,864279568663928832,14564,3031
1950,864873206498414592,32107,8705
1951,865006731092295680,27834,7677
1952,865359393868664832,26297,4992
1953,865718153858494464,25467,5606
1954,866334964761202691,52128,14398
1955,866450705531457537,121281,35194
1956,866686824827068416,19139,3466
1957,867051520902168576,31949,7828
1958,867072653475098625,0,120
1959,867421006826221569,15960,2490
1960,867774946302451713,33631,7300
1961,867900495410671616,23941,4158
1962,868552278524837888,10013,2081
1963,868622495443632128,26437,5261
1964,868880397819494401,64833,14358
1965,869227993411051520,20204,3759
1966,869596645499047938,15783,3108
1967,869702957897576449,27867,6286
1968,869772420881756160,41848,9928
1969,870063196459192321,36120,8250
1970,870308999962521604,21539,4106
1971,870374049280663552,81532,25924
1972,870656317836468226,12228,2608
1973,870804317367881728,33117,6124
1974,871032628920680449,22332,3765
1975,871515927908634625,19871,3408
1976,871762521631449091,19913,3425
1977,871879754684805121,37276,10972
1978,872122724285648897,33795,7994
1979,872486979161796608,39953,8870
1980,872620804844003328,20405,3629
1981,872820683541237760,14454,3628
1982,872967104147763200,26804,5310
1983,873213775632977920,7089,1554
1984,873580283840344065,23736,3856
1985,874012996292530176,33845,10192
1986,874057562936811520,22236,3874
1987,874296783580663808,25530,4021
1988,874680097055178752,27260,4545
1989,875021211251597312,24951,4614
1990,875144289856114688,21476,4826
1991,875747767867523072,24665,4192
1992,876120275196170240,27342,4573
1993,876484053909872640,18367,2337
1994,876838120628539392,20254,3260
1995,877201837425926144,26530,5445
1996,877316821321428993,26792,5056
1997,877556246731214848,22226,3705
1998,877611172832227328,0,78
1999,877736472329191424,77911,18609
2000,878057613040115712,41102,6639
2001,878281511006478336,7569,1252
2002,878776093423087618,18977,4024
2003,879008229531029506,18561,2626
2004,879050749262655488,22048,4586
2005,879376492567855104,16417,3033
2006,879415818425184262,103460,43113
2007,879492040517615616,22902,3094
2008,879862464715927552,21845,3406
2009,880095782870896641,27001,4225
2010,880221127280381952,26422,4103
2011,880465832366813184,27892,6109
2012,880872448815771648,20785,3728
2013,880935762899988482,16658,2709
2014,881268444196462592,22577,5038
2015,881536004380872706,48286,15526
2016,881666595344535552,49445,10380
2017,881906580714921986,23759,3304
2018,882045870035918850,28680,4819
2019,882268110199369728,43914,11278
2020,882627270321602560,27300,5922
2021,882762694511734784,27650,4766
2022,882992080364220416,23412,3812
2023,883117836046086144,36320,6477
2024,883360690899218434,22163,3601
2025,883482846933004288,44865,9649
2026,883838122936631299,21397,3354
2027,884162670584377345,19884,2897
2028,884441805382717440,26380,5501
2029,884562892145688576,23732,4558
2030,884876753390489601,27273,5453
2031,884925521741709313,75549,17739
2032,885167619883638784,21408,4260
2033,885311592912609280,0,18018
2034,885528943205470208,35128,6240
2035,885984800019947520,31878,6569
2036,886258384151887873,27358,6114
2037,886366144734445568,20711,3107
2038,886680336477933568,21930,4332
2039,886736880519319552,11779,3180
2040,886983233522544640,34327,7547
2041,887101392804085760,29875,5788
2042,887343217045368832,32909,10126
2043,887473957103951883,67379,17648
2044,887517139158093824,45200,11363
2045,887705289381826560,29497,5229
2046,888078434458587136,21263,3390
2047,888554962724278272,19373,3436
2048,888804989199671297,24972,4158
2049,888917238123831296,28462,4372
2050,889278841981685760,24658,5210
2051,889531135344209921,14773,2185
2052,889638837579907072,26501,4398
2053,889665388333682689,46975,9748
2054,889880896479866881,27172,4830
2055,890006608113172480,29961,7119
2056,890240255349198849,31165,7162
2057,890609185150312448,27191,4148
2058,890729181411237888,63781,18316
2059,890971913173991426,11563,1994
2060,891087950875897856,19776,3016
2061,891327558926688256,39344,9095
2062,891689557279858688,41166,8391
2063,891815181378084864,24460,4031
2064,892177421306343426,32497,6092
2065,892420643555336193,37813,8247
